128 data\hut\plane.x 10.00000 0.000000 0.000000 0.000000 0.000000 10.00000 0.000000 0.000000 0.000000 0.000000 10.00000 0.000000 0.000000 -1.400000 0.000000 1.000000
0 data\hut\mesh_3004611.x 1.000000 0.000000 0.000000 0.000000 0.000000 1.000000 0.000000 0.000000 0.000000 0.000000 1.000000 0.000000 3.806000 0.000000 -1.713000 1.000000
0 data\hut\mesh_3004611.x 0.480682 0.000000 0.876894 0.000000 0.000000 1.000000 0.000000 0.000000 -0.876894 0.000000 0.480682 0.000000 1.000000 0.000000 0.399000 1.000000
0 data\hut\eghugo.x -0.004418 0.000000 -0.002340 0.000000 0.000000 0.005000 0.000000 0.000000 0.002340 0.000000 -0.004418 0.000000 4.386000 0.952999 -2.557000 1.000000
1 data\hut\mesh_22071.x 1.000000 0.000000 0.000000 0.000000 0.000000 1.000000 0.000000 0.000000 0.000000 0.000000 1.000000 0.000000 0.324102 0.000000 -1.725110 1.000000
0 data\hut\mesh_5244377.x 0.415377 0.000000 0.000000 0.000000 0.000000 0.415377 0.000000 0.000000 0.000000 0.000000 0.415377 0.000000 -1.161402 0.000000 2.751431 1.000000
0 data\hut\mesh_5244377.x 0.415377 0.000000 0.000000 0.000000 0.000000 0.415377 0.000000 0.000000 0.000000 0.000000 0.415377 0.000000 6.568136 0.000000 2.751431 1.000000
0 data\hut\mesh_5244377.x 0.415377 0.000000 0.000000 0.000000 0.000000 0.415377 0.000000 0.000000 0.000000 0.000000 0.415377 0.000000 -8.842046 0.000000 2.751431 1.000000
0 data\hut\mesh_5244377.x 0.415377 0.000000 0.000000 0.000000 0.000000 0.415377 0.000000 0.000000 0.000000 0.000000 0.415377 0.000000 14.137339 0.000000 2.751431 1.000000
1 data\hut\mesh_4530513.x 1.000000 0.000000 0.000000 0.000000 0.000000 1.000000 0.000000 0.000000 0.000000 0.000000 1.000000 0.000000 2.746000 0.000000 2.713000 1.000000
1 data\hut\mesh_4530513.x 1.000000 0.000000 0.000000 0.000000 0.000000 1.000000 0.000000 0.000000 0.000000 0.000000 1.000000 0.000000 -4.829168 0.000000 2.713000 1.000000
1 data\hut\mesh_4530513.x 1.000000 0.000000 0.000000 0.000000 0.000000 1.000000 0.000000 0.000000 0.000000 0.000000 1.000000 0.000000 10.245539 0.000000 2.713000 1.000000
0 data\hut\mesh_192969.x 0.860955 0.000000 0.508680 0.000000 0.000000 1.000000 0.000000 0.000000 -0.508680 0.000000 0.860955 0.000000 -1.113574 5.573456 2.866256 1.000000
0 data\hut\mesh_192969.x 0.968371 0.000000 -0.249512 0.000000 0.000000 1.000000 0.000000 0.000000 0.249512 0.000000 0.968371 0.000000 -8.793599 5.573456 2.866256 1.000000
0 data\hut\mesh_192969.x 0.213305 -0.962521 -0.167489 0.000000 0.486337 0.253294 -0.836252 0.000000 0.847334 0.096921 0.522139 0.000000 7.086943 0.360169 0.346038 1.000000
0 data\hut\mesh_4689627.x 0.491020 0.000000 0.277156 0.000000 0.000000 0.563841 0.000000 0.000000 -0.277156 0.000000 0.491020 0.000000 0.000000 0.000000 -10.599422 1.000000
1 data\hut\mesh_4769040.x 1.000000 0.000000 0.000000 0.000000 0.000000 1.000000 0.000000 0.000000 0.000000 0.000000 1.000000 0.000000 7.033730 0.000000 4.495254 1.000000
1 data\hut\mesh_5542259.x 0.806582 0.000000 -0.082787 0.000000 0.000000 0.810819 0.000000 0.000000 0.082787 0.000000 0.806582 0.000000 23.991635 2.702384 18.352736 1.000000
1 data\hut\mesh_5542259.x 0.703307 0.000000 0.403469 0.000000 0.000000 0.810819 0.000000 0.000000 -0.403469 0.000000 0.703307 0.000000 -20.598682 2.702384 26.859796 1.000000
1 data\hut\mesh_5542259.x 0.571606 0.000000 -0.058669 0.000000 0.000000 0.574609 0.000000 0.000000 0.058669 0.000000 0.571606 0.000000 17.901884 2.702384 -8.232504 1.000000
1 data\hut\mesh_5542259.x 0.433811 0.000000 0.376806 0.000000 0.000000 0.574609 0.000000 0.000000 -0.376806 0.000000 0.433811 0.000000 -12.323750 2.702384 -3.768154 1.000000
0 data\hut\mesh_21644.x 1.000000 0.000000 0.000000 0.000000 0.000000 1.000000 0.000000 0.000000 0.000000 0.000000 1.000000 0.000000 3.405454 0.934369 -2.364161 1.000000
0 data\hut\mesh_21644.x 1.000000 0.000000 0.000000 0.000000 0.000000 1.000000 0.000000 0.000000 0.000000 0.000000 1.000000 0.000000 3.540382 0.934369 -2.491680 1.000000
0 data\hut\mesh_21644.x 0.013628 0.999907 0.000000 0.000000 -0.999328 0.013620 -0.034023 0.000000 -0.034020 0.000463 0.999421 0.000000 3.362495 0.989138 -2.491680 1.000000
