A
0.040000 -0.141300 -0.282500 -0.141300 0.040000
-0.141300 -0.476600 -0.711200 -0.476600 -0.141300
-0.282500 -0.711200 0.000000 -0.711200 -0.282500
-0.141300 -0.476600 -0.711200 -0.476600 -0.141300
0.040000 -0.141300 -0.282500 -0.141300 0.040000

B
-0.065412 0.231068 0.461972 0.231068 -0.065412
0.231068 0.779384 1.163025 0.779384 0.231068
0.461972 1.163025 1.635300 1.163025 0.461972
0.231068 0.779384 1.163025 0.779384 0.231068
-0.065412 0.231068 0.461972 0.231068 -0.065412

I 0.000000
BXINIT true
XINIT 0
CNN_STEP 0.1
INPUT grey
