A
-0.017541 -0.017541 -0.075371 -0.017541 -0.017541
-0.017541 -0.199971 -0.265044 -0.199971 -0.017541
-0.075371 -0.265044 1.188285 -0.265044 -0.075371
-0.017541 -0.199971 -0.265044 -0.199971 -0.017541
-0.017541 -0.017541 -0.075371 -0.017541 -0.017541

B
0.015500 0.015500 0.066600 0.015500 0.015500
0.015500 0.176700 0.234200 0.176700 0.015500
0.066600 0.234200 1.000000 0.234200 0.066600
0.015500 0.176700 0.234200 0.176700 0.015500
0.015500 0.015500 0.066600 0.015500 0.015500

I 0
BXINIT true
XINIT 0 
CNN_STEP 0.01
INPUT grey
