A
-0.030400 -0.086000 -0.129800 -0.086000 -0.030400
-0.086000 -0.359200 -0.604100 -0.359200 -0.086000
-0.129800 -0.604100 1.050000 -0.604100 -0.129800
-0.086000 -0.359200 -0.604100 -0.359200 -0.086000
-0.030400 -0.086000 -0.129800 -0.086000 -0.030400

B
0.000000 0.000000 0.068338 0.000000 0.000000
0.000000 0.354849 0.756599 0.354849 0.000000
0.068338 0.756599 2.122300 0.756599 0.068338
0.000000 0.354849 0.756599 0.354849 0.000000
0.000000 0.000000 0.068338 0.000000 0.000000

I 0.000000
BXINIT true
XINIT 0
CNN_STEP 0.1
INPUT grey
