A
-0.336300 -0.511600 -0.586100 -0.511600 -0.336300
-0.511600 -0.766500 -0.875700 -0.766500 -0.511600
-0.586100 -0.875700 0.000000 -0.875700 -0.586100
-0.511600 -0.766500 -0.875700 -0.766500 -0.511600
-0.336300 -0.511600 -0.586100 -0.511600 -0.336300

B
0.419164 0.637658 0.730515 0.637658 0.419164
0.637658 0.955366 1.091473 0.955366 0.637658
0.730515 1.091473 1.246400 1.091473 0.730515
0.637658 0.955366 1.091473 0.955366 0.637658
0.419164 0.637658 0.730515 0.637658 0.419164

I 0.000000
BXINIT true
XINIT 0
CNN_STEP 0.1
INPUT grey
