A
-0.030400 -0.086000 -0.129800 -0.086000 -0.030400
-0.086000 -0.359200 -0.604100 -0.359200 -0.086000
-0.129800 -0.604100 1.050000 -0.604100 -0.129800
-0.086000 -0.359200 -0.604100 -0.359200 -0.086000
-0.030400 -0.086000 -0.129800 -0.086000 -0.030400

B
0.033647 0.095185 0.143663 0.095185 0.033647
0.095185 0.397563 0.668618 0.397563 0.095185
0.143663 0.668618 1.106800 0.668618 0.143663
0.095185 0.397563 0.668618 0.397563 0.095185
0.033647 0.095185 0.143663 0.095185 0.033647

I 0
BXINIT true
XINIT 0 
CNN_STEP 0.1
INPUT grey
