6143,Head,-0.00538,0.99412,0.10818,0,0.00869,-0.10813,0.9941,0,0.99995,0.00629,-0.00805,0,-0.56386,155.65508,0.02502,1
6143,L_Calf,-0.02042,-0.80446,-0.59366,0,-0.02029,-0.59333,0.80471,0,-0.99959,0.02848,-0.00421,0,7.39337,48.39935,-6.98342,1
6143,L_Clavicle,0.94971,-0.28834,0.1221,0,0.15908,0.10843,-0.98129,0,0.26971,0.95137,0.14885,0,3.64627,144.4596,-1.80394,1
6143,L_Finger0,-0.54249,-0.64298,0.54063,0,0.51372,-0.76312,-0.39209,0,0.66467,0.06503,0.7443,0,22.553,89.19606,22.12661,1
6143,L_Finger01,-0.24351,-0.92295,0.29809,0,0.70634,-0.37938,-0.59763,0,0.66467,0.06503,0.7443,0,19.58374,85.67681,25.08567,1
6143,L_Finger1,-0.27516,-0.86176,0.4262,0,-0.59525,-0.19542,-0.77942,0,0.75496,-0.46816,-0.45919,0,24.48008,84.5061,26.48642,1
6143,L_Finger2,-0.18547,-0.91342,0.3623,0,-0.59893,-0.18722,-0.77861,0,0.77903,-0.3614,-0.51235,0,26.4934,83.76808,25.79697,1
6143,L_Finger3,-0.11425,-0.94236,0.31448,0,-0.59893,-0.18722,-0.77861,0,0.79261,-0.27731,-0.54302,0,28.36666,82.9957,24.8086,1
6143,L_Finger4,-0.09336,-0.94933,0.30009,0,-0.59893,-0.18722,-0.77861,0,0.79534,-0.25243,-0.5511,0,29.98035,82.14217,23.48279,1
6143,L_Finger11,-0.53934,-0.8416,-0.0287,0,-0.37302,0.26933,-0.88787,0,0.75496,-0.46816,-0.45919,0,23.14288,80.31816,28.55766,1
6143,L_Finger21,-0.49266,-0.85828,-0.14368,0,-0.38782,0.36435,-0.84667,0,0.77903,-0.3614,-0.51235,0,25.46992,78.7274,27.79632,1
6143,L_Finger31,-0.45143,-0.86554,-0.2169,0,-0.40986,0.41705,-0.81123,0,0.79261,-0.27731,-0.54302,0,27.81477,78.44371,26.32768,1
6143,L_Finger41,-0.41575,-0.88878,-0.19291,0,-0.44112,0.38255,-0.81183,0,0.79534,-0.25243,-0.5511,0,29.64952,78.77815,24.54618,1
6143,L_Foot,-0.06729,-0.83713,-0.54285,0,0.10601,-0.547,0.83039,0,-0.99209,-0.00167,0.12555,0,6.53126,14.44009,-32.04401,1
6143,L_Forearm,0.00919,-0.80847,0.58846,0,0.56123,-0.48289,-0.67219,0,0.82761,0.33644,0.4493,0,26.73742,113.8962,2.61945,1
6143,L_Hand,0.01424,-0.80676,0.59071,0,-0.62621,-0.46776,-0.62375,0,0.77953,-0.36103,-0.51186,0,26.99785,90.97619,19.30222,1
6143,L_Thigh,-0.02775,-0.99214,-0.12203,0,-0.00765,-0.12186,0.99252,0,-0.99959,0.02848,-0.00421,0,8.47518,87.07134,-2.22694,1
6143,L_Toe0,0.12506,-0.10255,0.98684,0,0.01123,0.99473,0.10195,0,-0.99209,-0.00167,0.12555,0,7.32195,1.16084,-25.97293,1
6143,L_UpperArm,0.33055,-0.93907,0.0943,0,0.45365,0.07048,-0.88839,0,0.82761,0.33644,0.4493,0,17.45482,140.26714,-0.02867,1
6143,Neck,-0.02972,0.98509,0.16945,0,-0.16258,-0.17204,0.97158,0,0.98625,0.00133,0.16527,0,-0.2577,145.50804,-1.72046,1
6143,Pelvis,-0.06362,0.99797,0.00054,0,-0.0806,-0.00568,0.99673,0,0.99471,0.06337,0.0808,0,0,86.53142,-2.91537,1
6143,R_Calf,0.02789,-0.9863,0.16256,0,-0.1167,0.1583,0.98047,0,-0.99278,-0.04632,-0.11069,0,-9.07419,52.24408,15.89157,1
6143,R_Clavicle,-0.97562,-0.13494,-0.17306,0,0.15907,0.10843,-0.98129,0,0.15118,-0.9849,-0.08432,0,-4.07251,145.07309,-2.98744,1
6143,R_Finger0,0.47889,-0.8746,0.07577,0,-0.17573,-0.18007,-0.96783,0,0.86011,0.45017,-0.23993,0,-18.81119,86.36476,-18.01593,1
6143,R_Finger01,0.34338,-0.85876,-0.38029,0,-0.37724,0.2447,-0.8932,0,0.86011,0.45017,-0.23993,0,-16.19006,81.57777,-17.60121,1
6143,R_Finger1,0.31848,-0.91481,-0.24839,0,0.83704,0.39438,-0.37925,0,0.4449,-0.08713,0.89133,0,-20.87192,80.1652,-19.44287,1
6143,R_Finger2,0.26763,-0.89491,-0.35709,0,0.8383,0.39897,-0.37159,0,0.47501,-0.1999,0.85698,0,-22.34279,80.34528,-21.13922,1
6143,R_Finger3,0.22358,-0.87316,-0.43312,0,0.8383,0.39897,-0.37159,0,0.49726,-0.28001,0.82117,0,-23.58331,80.71111,-22.98579,1
6143,R_Finger4,0.21042,-0.8655,-0.45458,0,0.8383,0.39897,-0.37159,0,0.50297,-0.30288,0.80949,0,-24.46052,81.24986,-24.99341,1
6143,R_Finger11,0.69946,-0.58775,-0.40658,0,0.55931,0.80434,-0.20055,0,0.4449,-0.08713,0.89133,0,-19.3242,75.71948,-20.64997,1
6143,R_Finger21,0.69618,-0.5103,-0.50491,0,0.53824,0.83644,-0.10323,0,0.47501,-0.1999,0.85698,0,-20.86589,75.40678,-23.10978,1
6143,R_Finger31,0.68271,-0.45778,-0.56951,0,0.53538,0.84382,-0.03647,0,0.49726,-0.28001,0.82117,0,-22.50335,76.49338,-25.07795,1
6143,R_Finger41,0.64767,-0.48809,-0.58505,0,0.57231,0.81855,-0.04933,0,0.50297,-0.30288,0.80949,0,-23.71489,78.18292,-26.60424,1
6143,R_Foot,0.01313,-0.97113,0.23818,0,0.05043,0.23854,0.96982,0,-0.99864,-0.00072,0.0521,0,-7.89664,10.60843,22.75392,1
6143,R_Forearm,-0.08506,-0.99437,-0.06322,0,0.03764,0.0602,-0.99748,0,0.99567,-0.08722,0.0323,0,-20.02362,118.19861,-18.34354,1
6143,R_Hand,-0.0123,-0.97527,-0.22067,0,0.87952,0.09444,-0.4664,0,0.47571,-0.19982,0.85661,0,-22.435,90.00849,-20.13584,1
6143,R_Thigh,-0.01537,-0.8658,0.50016,0,-0.119,0.49824,0.85883,0,-0.99278,-0.04632,-0.11069,0,-8.47518,85.99154,-3.60375,1
6143,R_Toe0,0.05043,0.23854,0.96982,0,-0.01313,0.97113,-0.23818,0,-0.99864,-0.00072,0.0521,0,-7.16993,6.0203,36.61908,1
6143,R_UpperArm,-0.06288,-0.88713,-0.45722,0,0.06854,0.45321,-0.88877,0,0.99567,-0.08722,0.0323,0,-18.25781,143.11103,-5.50376,1
6143,Spine,-0.03777,0.99755,0.05893,0,-0.05366,-0.06091,0.9967,0,0.99784,0.03448,0.05583,0,-0.81938,99.55702,-5.83765,1
6143,Spine1,0.01363,0.9958,0.09048,0,-0.07071,-0.0893,0.99349,0,0.9974,-0.01994,0.0692,0,-1.39998,114.91676,-4.9425,1
6143,Spine2,0.06035,0.99093,0.12009,0,-0.15913,-0.10922,0.9812,0,0.98541,-0.07832,0.15109,0,-1.18814,130.2499,-3.56143,1
6144,Head,0.00066,0.99373,0.11184,0,0.00726,-0.11184,0.9937,0,0.99997,0.00016,-0.00729,0,-0.76266,154.9722,2.68282,1
6144,L_Calf,-0.0211,-0.75583,-0.65443,0,-0.01046,-0.65437,0.7561,0,-0.99972,0.0228,0.0059,0,7.57268,47.724,-4.81266,1
6144,L_Clavicle,0.95535,-0.27372,0.11133,0,0.14493,0.1057,-0.98378,0,0.25751,0.95598,0.14065,0,3.47559,143.82931,0.83821,1
6144,L_Finger0,-0.53985,-0.64129,0.54525,0,0.50145,-0.76528,-0.4036,0,0.6761,0.05553,0.73472,0,22.29601,88.63809,24.39647,1
6144,L_Finger01,-0.24684,-0.92246,0.29687,0,0.69423,-0.38207,-0.60997,0,0.6761,0.05553,0.73471,0,19.3412,85.12806,27.38083,1
6144,L_Finger1,-0.27608,-0.86169,0.42575,0,-0.6083,-0.18631,-0.77153,0,0.74414,-0.47199,-0.47273,0,24.24766,83.90914,28.70293,1
6144,L_Finger2,-0.18778,-0.91375,0.36027,0,-0.6119,-0.17809,-0.77062,0,0.76832,-0.36515,-0.52569,0,26.24431,83.15804,27.97994,1
6144,L_Finger3,-0.11753,-0.94303,0.31125,0,-0.6119,-0.17809,-0.77062,0,0.78215,-0.28102,-0.55611,0,28.09624,82.37533,26.95999,1
6144,L_Finger4,-0.09691,-0.9501,0.29651,0,-0.6119,-0.17809,-0.77062,0,0.78497,-0.25612,-0.56411,0,29.68295,81.51543,25.60605,1
6144,L_Finger11,-0.54677,-0.83691,-0.02508,0,-0.38379,0.27714,-0.88085,0,0.74414,-0.47199,-0.47273,0,22.90598,79.72157,30.77197,1
6144,L_Finger21,-0.50193,-0.85337,-0.14083,0,-0.39718,0.37206,-0.83894,0,0.76832,-0.36515,-0.52569,0,25.20805,78.11553,29.96804,1
6144,L_Finger31,-0.46184,-0.86059,-0.21468,0,-0.41826,0.42475,-0.8029,0,0.78215,-0.28102,-0.55611,0,27.52854,77.82011,28.46344,1
6144,L_Finger41,-0.42601,-0.88425,-0.19134,0,-0.44981,0.39052,-0.80322,0,0.78497,-0.25612,-0.56411,0,29.33955,78.1487,26.65675,1
6144,L_Foot,-0.08613,-0.719,-0.68966,0,0.09397,-0.695,0.71284,0,-0.99184,-0.00341,0.12742,0,6.68211,15.81745,-32.43847,1
6144,L_Forearm,0.01098,-0.81054,0.58557,0,0.54503,-0.48612,-0.6831,0,0.83834,0.32666,0.43643,0,26.40222,113.37481,4.91503,1
6144,L_Hand,0.01616,-0.80997,0.58624,0,-0.63925,-0.45921,-0.61684,0,0.76883,-0.36479,-0.5252,0,26.71355,90.39607,21.51592,1
6144,L_Thigh,-0.0234,-0.99006,-0.1387,0,0.00268,-0.1388,0.99032,0,-0.99972,0.0228,0.0059,0,8.48466,86.3149,0.5936,1
6144,L_Toe0,0.12257,-0.2998,0.94609,0,0.03498,0.95399,0.29778,0,-0.99184,-0.00341,0.12742,0,7.17725,1.6222,-28.96407,1
6144,L_UpperArm,0.32178,-0.94276,0.08753,0,0.44005,0.06705,-0.89547,0,0.83834,0.32666,0.43643,0,17.36606,139.84954,2.45699,1
6144,Neck,-0.03112,0.98553,0.16662,0,-0.14763,-0.1694,0.97443,0,0.98855,0.00573,0.15077,0,-0.44207,144.82065,0.96655,1
6144,Pelvis,-0.05895,0.99826,-0.002,0,-0.06966,-0.00212,0.99757,0,0.99583,0.05895,0.06967,0,0,85.81264,0,1
6144,R_Calf,0.03315,-0.99689,0.07145,0,-0.10041,0.06781,0.99263,0,-0.99439,-0.04008,-0.09785,0,-9.09378,51.80752,19.3188,1
6144,R_Clavicle,-0.97604,-0.14784,-0.15968,0,0.14493,0.1057,-0.98378,0,0.16232,-0.98335,-0.08174,0,-4.26589,144.3231,-0.24923,1
6144,R_Finger0,0.47211,-0.87841,0.07417,0,-0.18923,-0.18316,-0.9647,0,0.86099,0.44141,-0.2527,0,-19.87174,85.21719,-14.34115,1
6144,R_Finger01,0.33113,-0.86357,-0.38026,0,-0.38607,0.24372,-0.88969,0,0.86099,0.44141,-0.2527,0,-17.28771,80.40932,-13.93519,1
6144,R_Finger1,0.30737,-0.91876,-0.24779,0,0.83572,0.38516,-0.39145,0,0.45509,-0.08677,0.88621,0,-22.00412,79.02925,-15.71218,1
6144,R_Finger2,0.25536,-0.89894,-0.35595,0,0.83711,0.38978,-0.38382,0,0.48377,-0.19996,0.85204,0,-23.49418,79.21415,-17.39118,1
6144,R_Finger3,0.21056,-0.87717,-0.43155,0,0.83711,0.38978,-0.38382,0,0.50489,-0.28044,0.81636,0,-24.75415,79.58203,-19.22413,1
6144,R_Finger4,0.1972,-0.86949,-0.45288,0,0.83711,0.38978,-0.38382,0,0.51025,-0.30342,0.80473,0,-25.6513,80.11885,-21.22343,1
6144,R_Finger11,0.68921,-0.59584,-0.41226,0,0.56381,0.7984,-0.21136,0,0.45509,-0.08677,0.88621,0,-20.51041,74.56432,-16.91638,1
6144,R_Finger21,0.6854,-0.51883,-0.51092,0,0.54423,0.83116,-0.11395,0,0.48377,-0.19996,0.85204,0,-22.08501,74.2534,-19.35549,1
6144,R_Finger31,0.6716,-0.46651,-0.57561,0,0.54226,0.83888,-0.04719,0,0.50489,-0.28044,0.81636,0,-23.73706,75.34494,-21.30869,1
6144,R_Finger41,0.63611,-0.49659,-0.59057,0,0.57881,0.81323,-0.06038,0,0.51025,-0.30342,0.80473,0,-24.95248,77.03775,-22.82823,1
6144,R_Foot,0.00945,-0.98771,0.15602,0,0.05123,0.1563,0.98638,0,-0.99864,-0.00133,0.05207,0,-7.69454,9.72485,22.33494,1
6144,R_Forearm,-0.0972,-0.99384,-0.05325,0,0.02139,0.0514,-0.99845,0,0.99503,-0.09819,0.01627,0,-20.7337,117.05763,-14.92469,1
6144,R_Hand,-0.02356,-0.97617,-0.21571,0,0.87449,0.08444,-0.47764,0,0.48447,-0.19989,0.85166,0,-23.48938,88.88251,-16.43421,1
6144,R_Thigh,-0.01563,-0.85952,0.51086,0,-0.10457,0.50952,0.85408,0,-0.99439,-0.04008,-0.09785,0,-8.48466,85.31039,-0.59359,1
6144,R_Toe0,0.05123,0.1563,0.98638,0,-0.00945,0.98771,-0.15602,0,-0.99864,-0.00133,0.05207,0,-6.98648,3.98922,35.76709,1
6144,R_UpperArm,-0.08107,-0.89437,-0.43992,0,0.05774,0.43641,-0.89789,0,0.99503,-0.09819,0.01627,0,-18.45719,142.17352,-2.57091,1
6144,Spine,-0.03757,0.99774,0.05571,0,-0.0457,-0.0574,0.9973,0,0.99825,0.03493,0.04775,0,-0.70576,98.83878,-2.94943,1
6144,Spine1,0.00723,0.99624,0.08634,0,-0.05966,-0.08576,0.99453,0,0.99819,-0.01234,0.05882,0,-1.28354,114.20144,-2.10393,1
6144,Spine2,0.04723,0.99231,0.11439,0,-0.14497,-0.10649,0.98369,0,0.98831,-0.06304,0.13883,0,-1.17041,129.54123,-0.78662,1
6145,Head,0.00688,0.99326,0.11566,0,0.00577,-0.1157,0.99327,0,0.99996,-0.00617,-0.00653,0,-0.99131,154.37649,2.41832,1
6145,L_Calf,-0.02287,-0.70611,-0.70773,0,-0.00159,-0.70789,0.70632,0,-0.99974,0.01728,0.01507,0,7.73819,47.12745,-5.37361,1
6145,L_Clavicle,0.96067,-0.25882,0.10068,0,0.13102,0.10275,-0.98604,0,0.24486,0.96045,0.13262,0,3.27945,143.2871,0.56096,1
6145,L_Finger0,-0.53371,-0.64517,0.54673,0,0.48974,-0.76286,-0.42214,0,0.68943,0.04245,0.72311,0,22.15428,88.04307,23.46934,1
6145,L_Finger01,-0.24681,-0.92478,0.2896,0,0.68101,-0.37813,-0.62709,0,0.68943,0.04245,0.72311,0,19.23311,84.51181,26.46176,1
6145,L_Finger1,-0.27339,-0.86549,0.41974,0,-0.62305,-0.17312,-0.76278,0,0.73285,-0.47006,-0.49192,0,24.1553,83.24908,27.68013,1
6145,L_Finger2,-0.18657,-0.9172,0.35203,0,-0.62659,-0.16489,-0.7617,0,0.75669,-0.36269,-0.54395,0,26.13435,82.49616,26.91204,1
6145,L_Finger3,-0.11738,-0.94625,0.3014,0,-0.62659,-0.16489,-0.7617,0,0.77046,-0.27826,-0.57356,0,27.96321,81.71624,25.84923,1
6145,L_Finger4,-0.09707,-0.95324,0.2862,0,-0.62659,-0.16489,-0.7617,0,0.77328,-0.25327,-0.58129,0,29.5205,80.86485,24.45631,1
6145,L_Finger11,-0.55194,-0.83348,-0.02581,0,-0.39787,0.29042,-0.87026,0,0.73285,-0.47006,-0.49192,0,22.82669,79.04304,29.71998,1
6145,L_Finger21,-0.50927,-0.84872,-0.14254,0,-0.40996,0.38488,-0.82692,0,0.75669,-0.36269,-0.54395,0,25.10476,77.43462,28.8547,1
6145,L_Finger31,-0.47056,-0.85522,-0.21719,0,-0.43008,0.43723,-0.78985,0,0.77046,-0.27826,-0.57356,0,27.39623,77.1455,27.3051,1
6145,L_Finger41,-0.43445,-0.87938,-0.1948,0,-0.46183,0.40317,-0.79004,0,0.77328,-0.25327,-0.58129,0,29.17654,77.48698,25.4705,1
6145,L_Foot,-0.10107,-0.58495,-0.80475,0,0.07707,-0.81107,0.57986,0,-0.99189,-0.00341,0.12706,0,6.77264,17.31983,-35.24968,1
6145,L_Forearm,0.01669,-0.81591,0.57793,0,0.52572,-0.4845,-0.6992,0,0.85049,0.3155,0.42086,0,26.05658,112.94402,4.14816,1
6145,L_Hand,0.02197,-0.81743,0.5756,0,-0.65281,-0.44779,-0.61101,0,0.75721,-0.36234,-0.54346,0,26.52969,89.81304,20.53237,1
6145,L_Thigh,-0.01936,-0.98839,-0.1507,0,0.01229,-0.15095,0.98846,0,-0.99974,0.01728,0.01507,0,8.49274,85.65334,0.50036,1
6145,L_Toe0,0.11324,-0.4777,0.8712,0,0.05772,0.87852,0.47421,0,-0.99189,-0.00341,0.12706,0,6.94236,2.72796,-34.3168,1
6145,L_UpperArm,0.3137,-0.94651,0.07561,0,0.4222,0.06771,-0.90397,0,0.85049,0.3155,0.42086,0,17.24727,139.52395,2.02477,1
6145,Neck,-0.03306,0.98598,0.16356,0,-0.13288,-0.16653,0.97704,0,0.99058,0.01057,0.13652,0,-0.65077,144.2203,0.73359,1
6145,Pelvis,-0.0545,0.9985,-0.00471,0,-0.05889,0.00149,0.99826,0,0.99678,0.05468,0.05872,0,0,85.18746,0,1
6145,R_Calf,0.0356,-0.99924,-0.01571,0,-0.08453,-0.01867,0.99625,0,-0.99578,-0.03414,-0.08513,0,-9.07596,51.38571,19.69112,1
6145,R_Clavicle,-0.97646,-0.1585,-0.14626,0,0.13102,0.10275,-0.98604,0,0.17132,-0.982,-0.07956,0,-4.48157,143.6592,-0.43149,1
6145,R_Finger0,0.46826,-0.88067,0.07172,0,-0.20257,-0.186,-0.96144,0,0.86006,0.43568,-0.26549,0,-20.97562,84.04445,-13.0751,1
6145,R_Finger01,0.32155,-0.86689,-0.38093,0,-0.39612,0.24225,-0.88567,0,0.86006,0.43568,-0.26549,0,-18.41266,79.22421,-12.68256,1
6145,R_Finger1,0.29919,-0.92142,-0.24794,0,0.8327,0.37901,-0.40368,0,0.46593,-0.08569,0.88066,0,-23.15885,77.8628,-14.39341,1
6145,R_Finger2,0.24591,-0.90174,-0.35551,0,0.83422,0.38365,-0.39609,0,0.49356,-0.19917,0.8466,0,-24.66928,78.04909,-16.05395,1
6145,R_Finger3,0.20026,-0.88004,-0.43062,0,0.83422,0.38365,-0.39609,0,0.51378,-0.27991,0.81098,0,-25.95062,78.41647,-17.87213,1
6145,R_Finger4,0.18668,-0.87237,-0.4518,0,0.83422,0.38365,-0.39609,0,0.51887,-0.30296,0.79937,0,-26.8704,78.95013,-19.86197,1
6145,R_Finger11,0.68064,-0.60125,-0.4186,0,0.56537,0.79445,-0.22182,0,0.46593,-0.08569,0.88066,0,-21.70488,73.38497,-15.59835,1
6145,R_Finger21,0.67598,-0.52462,-0.51752,0,0.54722,0.82771,-0.1243,0,0.49356,-0.19917,0.8466,0,-23.31226,73.07286,-18.01582,1
6145,R_Finger31,0.66163,-0.47248,-0.58224,0,0.54614,0.83571,-0.05756,0,0.51378,-0.27991,0.81098,0,-24.98327,74.16554,-19.95218,1
6145,R_Finger41,0.62579,-0.50243,-0.59662,0,0.58238,0.8098,-0.0711,0,0.51887,-0.30296,0.79937,0,-26.2089,75.85884,-21.46295,1
6145,R_Foot,0.00519,-0.99701,0.07704,0,0.05148,0.07721,0.99568,0,-0.99866,-0.0012,0.05173,0,-7.5731,9.20387,19.02793,1
6145,R_Forearm,-0.10891,-0.99329,-0.03897,0,0.00045,0.03915,-0.99923,0,0.99405,-0.10884,-0.00381,0,-21.51237,115.88051,-14.03193,1
6145,R_Hand,-0.03161,-0.97689,-0.2114,0,0.86874,0.07774,-0.48913,0,0.49426,-0.19911,0.84621,0,-24.59989,87.72104,-15.13668,1
6145,R_Thigh,-0.01496,-0.85524,0.51802,0,-0.09049,0.51711,0.85112,0,-0.99578,-0.03414,-0.08513,0,-8.49274,84.72158,-0.50035,1
6145,R_Toe0,0.05148,0.07721,0.99568,0,-0.00519,0.99701,-0.07704,0,-0.99866,-0.0012,0.05173,0,-6.89493,2.41601,31.96186,1
6145,R_UpperArm,-0.10089,-0.90713,-0.40858,0,0.04101,0.40654,-0.91271,0,0.99405,-0.10884,-0.00381,0,-18.67912,141.3546,-2.55811,1
6145,Spine,-0.03793,0.99791,0.05234,0,-0.03786,-0.05377,0.99784,0,0.99856,0.03587,0.03982,0,-0.59636,98.21199,-2.98046,1
6145,Spine1,0.00047,0.99662,0.08218,0,-0.04879,-0.08206,0.99543,0,0.99881,-0.00448,0.04859,0,-1.17982,113.57718,-2.18687,1
6145,Spine2,0.03372,0.99349,0.10881,0,-0.13105,-0.10354,0.98595,0,0.9908,-0.0475,0.1267,0,-1.17101,128.92277,-0.93372,1
6146,Head,0.01309,0.99276,0.11943,0,0.0042,-0.1195,0.99283,0,0.99991,-0.01249,-0.00574,0,-1.22979,154.18741,2.16219,1
6146,L_Calf,-0.02466,-0.66632,-0.74526,0,0.00516,-0.74556,0.66642,0,-0.99968,0.01259,0.02182,0,7.89443,46.81482,-5.06022,1
6146,L_Clavicle,0.96565,-0.24385,0.08974,0,0.11702,0.09976,-0.98811,0,0.232,0.96467,0.12487,0,3.07338,143.15224,0.29066,1
6146,L_Finger0,-0.52445,-0.65452,0.54457,0,0.47789,-0.75562,-0.44794,0,0.70468,0.02532,0.70907,0,22.11407,87.7226,22.23194,1
6146,L_Finger01,-0.24407,-0.92972,0.27577,0,0.66622,-0.36739,-0.64897,0,0.70468,0.02532,0.70907,0,19.24358,84.1402,25.21259,1
6146,L_Finger1,-0.26769,-0.87303,0.40763,0,-0.63964,-0.15537,-0.75281,0,0.72056,-0.46225,-0.51684,0,24.18564,82.83657,26.30042,1
6146,L_Finger2,-0.18251,-0.92363,0.33705,0,-0.64312,-0.14715,-0.75149,0,0.74369,-0.35392,-0.56715,0,26.14524,82.09312,25.47535,1
6146,L_Finger3,-0.11451,-0.95185,0.28438,0,-0.64312,-0.14715,-0.75149,0,0.75715,-0.26894,-0.59531,0,27.94838,81.32921,24.35834,1
6146,L_Finger4,-0.09455,-0.95859,0.26862,0,-0.64313,-0.14715,-0.75149,0,0.7599,-0.24381,-0.60258,0,29.47277,80.50151,22.91563,1
6146,L_Finger11,-0.55545,-0.83096,-0.03119,0,-0.41506,0.30955,-0.85552,0,0.72056,-0.46225,-0.51684,0,22.88475,78.59389,28.28138,1
6146,L_Finger21,-0.51531,-0.84394,-0.14908,0,-0.42588,0.40313,-0.81001,0,0.74369,-0.35392,-0.56715,0,25.13807,76.99613,27.33534,1
6146,L_Finger31,-0.4782,-0.84903,-0.22465,0,-0.44502,0.45477,-0.77145,0,0.75715,-0.26894,-0.59531,0,27.39527,76.73139,25.732,1
6146,L_Finger41,-0.44172,-0.87376,-0.20352,0,-0.47689,0.42083,-0.77167,0,0.7599,-0.24381,-0.60258,0,29.13774,77.10467,23.8675,1
6146,L_Foot,-0.1098,-0.47206,-0.8747,0,0.06125,-0.88156,0.46808,0,-0.99206,-0.00218,0.12571,0,6.85349,18.68694,-36.52041,1
6146,L_Forearm,0.02583,-0.82474,0.56492,0,0.50268,-0.47775,-0.72046,0,0.86409,0.30258,0.40223,0,25.70075,112.91935,3.22443,1
6146,L_Hand,0.03107,-0.82916,0.55815,0,-0.66721,-0.433,-0.60609,0,0.74423,-0.35357,-0.56667,0,26.4331,89.53819,19.23989,1
6146,L_Thigh,-0.01553,-0.98999,-0.14026,0,0.01984,-0.14056,0.98987,0,-0.99968,0.01259,0.02182,0,8.49976,85.40316,0.40698,1
6146,L_Toe0,0.10219,-0.59645,0.79612,0,0.07324,0.80265,0.59194,0,-0.99206,-0.00218,0.12571,0,6.75947,4.09851,-37.51566,1
6146,L_UpperArm,0.30578,-0.95033,0.05801,0,0.39981,0.07287,-0.9137,0,0.86409,0.30258,0.40223,0,17.11371,139.60671,1.59551,1
6146,Neck,-0.03512,0.9864,0.16054,0,-0.11804,-0.16361,0.97944,0,0.99239,0.01545,0.12218,0,-0.86805,144.02684,0.50853,1
6146,Pelvis,-0.04985,0.99873,-0.00741,0,-0.04808,0.00501,0.99883,0,0.9976,0.05015,0.04776,0,0,84.97585,0,1
6146,R_Calf,0.03497,-0.99564,-0.08643,0,-0.06925,-0.08869,0.99365,0,-0.99699,-0.02876,-0.07205,0,-8.95313,50.91757,19.29246,1
6146,R_Clavicle,-0.97709,-0.1665,-0.13253,0,0.11702,0.09976,-0.98811,0,0.17775,-0.98098,-0.07799,0,-4.70427,143.40213,-0.60523,1
6146,R_Finger0,0.46745,-0.88158,0.06566,0,-0.21526,-0.18555,-0.95877,0,0.85741,0.43404,-0.27651,0,-22.08748,83.21638,-11.34846,1
6146,R_Finger01,0.31496,-0.86748,-0.38507,0,-0.407,0.24307,-0.88049,0,0.85741,0.43404,-0.27651,0,-19.52898,78.39118,-10.98909,1
6146,R_Finger1,0.2942,-0.92198,-0.25181,0,0.82818,0.37743,-0.41433,0,0.47704,-0.08664,0.8746,0,-24.29939,77.03903,-12.63887,1
6146,R_Finger2,0.23958,-0.90219,-0.35868,0,0.8298,0.38207,-0.40676,0,0.50402,-0.20018,0.84018,0,-25.83067,77.22834,-14.27986,1
6146,R_Finger3,0.19301,-0.88039,-0.43319,0,0.8298,0.38207,-0.40676,0,0.52362,-0.28095,0.80429,0,-27.13455,77.59833,-16.0814,1
6146,R_Finger4,0.17917,-0.8727,-0.4542,0,0.8298,0.38207,-0.40676,0,0.52851,-0.30402,0.79262,0,-28.0788,78.13389,-18.05924,1
6146,R_Finger11,0.67404,-0.60253,-0.42734,0,0.564,0.79338,-0.22903,0,0.47704,-0.08664,0.8746,0,-22.86966,72.55849,-13.86258,1
6146,R_Finger21,0.66826,-0.52589,-0.52618,0,0.54717,0.82666,-0.13128,0,0.50402,-0.20018,0.84018,0,-24.50858,72.24965,-16.25921,1
6146,R_Finger31,0.65318,-0.47372,-0.59072,0,0.54697,0.83466,-0.06453,0,0.52362,-0.28095,0.80429,0,-26.20221,73.34568,-18.17389,1
6146,R_Finger41,0.6171,-0.50359,-0.60463,0,0.58298,0.80868,-0.07855,0,0.52851,-0.30402,0.79262,0,-27.44389,75.04144,-19.66873,1
6146,R_Foot,0.00125,-0.99994,0.01068,0,0.05099,0.01073,0.99864,0,-0.9987,-0.0007,0.051,0,-7.47688,8.88764,15.64392,1
6146,R_Forearm,-0.12031,-0.99248,-0.02256,0,-0.0244,0.02567,-0.99937,0,0.99244,-0.11968,-0.02731,0,-22.32014,115.03667,-12.7236,1
6146,R_Hand,-0.0362,-0.97681,-0.21102,0,0.86253,0.0761,-0.50025,0,0.5047,-0.20012,0.83978,0,-25.73084,86.90009,-13.36314,1
6146,R_Thigh,-0.01163,-0.86281,0.50539,0,-0.0767,0.50471,0.85988,0,-0.99699,-0.02876,-0.07205,0,-8.49976,84.54856,-0.40697,1
6146,R_Toe0,0.05099,0.01027,0.99865,0,-0.00122,0.99995,-0.01022,0,-0.9987,-0.0007,0.051,0,-6.83547,1.25351,28.09905,1
6146,R_UpperArm,-0.1214,-0.92388,-0.36292,0,0.01821,0.36349,-0.93142,0,0.99244,-0.11968,-0.02731,0,-18.91095,140.9812,-2.53217,1
6146,Spine,-0.03843,0.99806,0.04904,0,-0.02998,-0.05021,0.99829,0,0.99881,0.0369,0.03185,0,-0.48825,97.99742,-3.0129,1
6146,Spine1,-0.00644,0.99692,0.0782,0,-0.03787,-0.07839,0.9962,0,0.99926,0.00345,0.03826,0,-1.07954,113.36487,-2.27006,1
6146,Spine2,0.02002,0.99442,0.10358,0,-0.11704,-0.10055,0.98802,0,0.99293,-0.0319,0.11438,0,-1.17726,128.71502,-1.07814,1
6147,Head,0.01957,0.99222,0.12291,0,0.0025,-0.12298,0.99241,0,0.99981,-0.01912,-0.00488,0,-1.41246,154.78726,1.93471,1
6147,L_Calf,-0.02452,-0.6446,-0.76413,0,0.00928,-0.76447,0.64459,0,-0.99966,0.00871,0.02473,0,8.08005,47.12703,-3.22431,1
6147,L_Clavicle,0.97005,-0.22989,0.0784,0,0.10298,0.09695,-0.98995,0,0.21998,0.96838,0.11772,0,2.91147,143.80309,0.04379,1
6147,L_Finger0,-0.51292,-0.66897,0.53795,0,0.46488,-0.74328,-0.48107,0,0.72166,0.00333,0.69223,0,22.16566,88.03722,20.65351,1
6147,L_Finger01,-0.23987,-0.93683,0.25457,0,0.64935,-0.34976,-0.67528,0,0.72166,0.00333,0.69223,0,19.35826,84.37569,23.59787,1
6147,L_Finger1,-0.26014,-0.88394,0.38855,0,-0.65806,-0.13218,-0.74128,0,0.7066,-0.44853,-0.5473,0,24.32159,83.03108,24.52751,1
6147,L_Finger2,-0.17683,-0.93264,0.3145,0,-0.66148,-0.124,-0.73964,0,0.72881,-0.33882,-0.595,0,26.25866,82.30791,23.63405,1
6147,L_Finger3,-0.11019,-0.95946,0.2594,0,-0.66148,-0.124,-0.73964,0,0.74182,-0.25309,-0.62101,0,28.0322,81.57306,22.45206,1
6147,L_Finger4,-0.09064,-0.96579,0.24297,0,-0.66148,-0.124,-0.73964,0,0.74446,-0.22776,-0.62762,0,29.51906,80.78448,20.9495,1
6147,L_Finger11,-0.5583,-0.82859,-0.04176,0,-0.43475,0.33506,-0.8359,0,0.70661,-0.44853,-0.5473,0,23.05739,78.73538,26.41578,1
6147,L_Finger21,-0.52106,-0.83822,-0.16092,0,-0.44422,0.42731,-0.78745,0,0.72881,-0.33882,-0.595,0,25.28285,77.16117,25.36959,1
6147,L_Finger31,-0.4858,-0.84119,-0.23748,0,-0.46228,0.47785,-0.74696,0,0.74182,-0.25309,-0.62101,0,27.49992,76.93847,23.70506,1
6147,L_Finger41,-0.44889,-0.8666,-0.21797,0,-0.49424,0.444,-0.74739,0,0.74446,-0.22776,-0.62762,0,29.19787,77.36214,21.81049,1
6147,L_Foot,-0.11305,-0.4158,-0.9024,0,0.05415,-0.90945,0.41227,0,-0.99211,-0.00225,0.12533,0,7.04503,19.91607,-35.48106,1
6147,L_Forearm,0.03738,-0.83714,0.54571,0,0.47514,-0.46553,-0.74667,0,0.87911,0.2872,0.38036,0,25.35644,113.66274,2.14067,1
6147,L_Hand,0.04228,-0.84505,0.53301,0,-0.68282,-0.41389,-0.60203,0,0.72936,-0.33849,-0.59452,0,26.4161,89.93008,17.61153,1
6147,L_Thigh,-0.01092,-0.99581,-0.09077,0,0.02383,-0.091,0.99557,0,-0.99966,0.00871,0.02473,0,8.50584,85.94222,0.31361,1
6147,L_Toe0,0.09494,-0.66637,0.73955,0,0.08185,0.74562,0.66133,0,-0.99211,-0.00225,0.12533,0,6.83771,5.41911,-37.3829,1
6147,L_UpperArm,0.29701,-0.95427,0.03408,0,0.37275,0.08301,-0.92421,0,0.87911,0.2872,0.38036,0,17.0158,140.46057,1.18365,1
6147,Neck,-0.03626,0.98679,0.15789,0,-0.10321,-0.16084,0.98157,0,0.994,0.0193,0.10768,0,-1.03891,144.62271,0.30837,1
6147,Pelvis,-0.04457,0.99896,-0.00987,0,-0.03721,0.00821,0.99927,0,0.99831,0.0449,0.03681,0,0,85.55966,0,1
6147,R_Calf,0.03057,-0.99147,-0.12668,0,-0.05517,-0.12822,0.99021,0,-0.99801,-0.02328,-0.05861,0,-8.73558,50.45164,17.38965,1
6147,R_Clavicle,-0.97811,-0.17106,-0.1185,0,0.10298,0.09695,-0.98995,0,0.18083,-0.98048,-0.07721,0,-4.87974,143.93868,-0.75341,1
6147,R_Finger0,0.46819,-0.88188,0.05561,0,-0.22752,-0.18113,-0.95678,0,0.85383,0.4353,-0.28545,0,-23.17227,83.20458,-9.19946,1
6147,R_Finger01,0.30995,-0.8657,-0.39305,0,-0.41821,0.24713,-0.87409,0,0.85383,0.4353,-0.28545,0,-20.60971,78.37776,-8.89506,1
6147,R_Finger1,0.29089,-0.92081,-0.25979,0,0.82283,0.37933,-0.42315,0,0.48818,-0.09067,0.86802,0,-25.40092,77.03325,-10.48989,1
6147,R_Finger2,0.23491,-0.90053,-0.36586,0,0.82455,0.38393,-0.41558,0,0.51471,-0.20405,0.83273,0,-26.95305,77.23012,-12.11026,1
6147,R_Finger3,0.1874,-0.87839,-0.43967,0,0.82455,0.38393,-0.41558,0,0.53385,-0.28465,0.79623,0,-28.27985,77.6084,-13.89326,1
6147,R_Finger4,0.17329,-0.8706,-0.46047,0,0.82455,0.38393,-0.41558,0,0.53859,-0.30766,0.78439,0,-29.24928,78.15308,-15.85637,1
6147,R_Finger11,0.66848,-0.60057,-0.4387,0,0.56108,0.79442,-0.23257,0,0.48818,-0.09067,0.86802,0,-23.98725,72.55838,-11.75239,1
6147,R_Finger21,0.66144,-0.52347,-0.5371,0,0.5455,0.82725,-0.13447,0,0.51471,-0.20405,0.83273,0,-25.65671,72.26058,-14.12926,1
6147,R_Finger31,0.64554,-0.471,-0.6012,0,0.54615,0.83495,-0.06768,0,0.53384,-0.28465,0.79623,0,-27.37463,73.36542,-16.01705,1
6147,R_Finger41,0.60928,-0.50081,-0.61479,0,0.58198,0.80903,-0.08228,0,0.53859,-0.30766,0.78439,0,-28.63522,75.06806,-17.48806,1
6147,R_Foot,-0.00211,-0.99951,-0.03136,0,0.05043,-0.03142,0.99823,0,-0.99873,0.00053,0.05047,0,-7.44524,8.59781,12.042,1
6147,R_Forearm,-0.13234,-0.99119,-0.00479,0,-0.05258,0.01185,-0.99855,0,0.98981,-0.13189,-0.05368,0,-23.08918,114.99766,-11.0145,1
6147,R_Hand,-0.03897,-0.97583,-0.21503,0,0.85607,0.07839,-0.51088,0,0.51539,-0.20399,0.83232,0,-26.84087,86.89754,-11.15039,1
6147,R_Thigh,-0.00589,-0.89089,0.45418,0,-0.06279,0.45362,0.88898,0,-0.99801,-0.02328,-0.05861,0,-8.50585,85.17711,-0.3136,1
6147,R_Toe0,0.05043,-0.02692,0.99836,0,0.00189,0.99964,0.02685,0,-0.99873,0.00053,0.05047,0,-6.83694,0.44477,24.16551,1
6147,R_UpperArm,-0.14201,-0.94201,-0.30404,0,-0.01047,0.30857,-0.95115,0,0.98981,-0.13189,-0.05368,0,-19.10117,141.45143,-2.4764,1
6147,Spine,-0.03806,0.99821,0.0461,0,-0.02206,-0.04696,0.99865,0,0.99903,0.037,0.02381,0,-0.37265,98.5779,-3.04365,1
6147,Spine1,-0.01255,0.99713,0.07471,0,-0.02693,-0.07503,0.99682,0,0.99956,0.0105,0.02779,0,-0.95838,113.94768,-2.34608,1
6147,Spine2,0.00718,0.99506,0.099,0,-0.10299,-0.09774,0.98987,0,0.99466,-0.01731,0.10178,0,-1.15035,129.30102,-1.20789,1
6148,Head,0.02494,0.99174,0.12579,0,0.00083,-0.12585,0.99205,0,0.99969,-0.02463,-0.00396,0,-1.59042,156.19354,1.75059,1
6148,L_Calf,-0.02081,-0.6365,-0.77099,0,0.01347,-0.77127,0.63637,0,-0.99969,0.00286,0.02462,0,8.39427,48.32354,0.02943,1
6148,L_Clavicle,0.97404,-0.21636,0.06653,0,0.08874,0.09465,-0.99155,0,0.20823,0.97172,0.11139,0,2.74967,145.26039,-0.16775,1
6148,L_Finger0,-0.49902,-0.68879,0.52588,0,0.45082,-0.7246,-0.52127,0,0.7401,-0.02305,0.67211,0,22.28665,89.03449,18.70235,1
6148,L_Finger01,-0.23405,-0.94576,0.22529,0,0.63046,-0.32404,-0.70535,0,0.7401,-0.02305,0.67211,0,19.55534,85.26452,21.58068,1
6148,L_Finger1,-0.25062,-0.89799,0.36168,0,-0.67799,-0.10387,-0.7277,0,0.69103,-0.42759,-0.58279,0,24.54033,83.88472,22.32421,1
6148,L_Finger2,-0.1694,-0.94386,0.2836,0,-0.68136,-0.09575,-0.72566,0,0.71207,-0.31616,-0.62689,0,26.4517,83.19558,21.35198,1
6148,L_Finger3,-0.10431,-0.96858,0.22575,0,-0.68136,-0.09575,-0.72566,0,0.72447,-0.22951,-0.64997,0,28.19179,82.50573,20.09548,1
6148,L_Finger4,-0.08522,-0.97429,0.20857,0,-0.68136,-0.09575,-0.72566,0,0.72697,-0.20395,-0.65569,0,29.63657,81.77439,18.5245,1
6148,L_Finger11,-0.56023,-0.8263,-0.05802,0,-0.45676,0.36659,-0.81055,0,0.69103,-0.42759,-0.58279,0,23.32237,79.52076,24.08185,1
6148,L_Finger21,-0.52623,-0.83142,-0.17842,0,-0.4648,0.45693,-0.7584,0,0.71207,-0.31616,-0.62689,0,25.51686,77.98693,22.91701,1
6148,L_Finger31,-0.49305,-0.8315,-0.25596,0,-0.4817,0.5059,-0.71556,0,0.72447,-0.22951,-0.64997,0,27.68792,77.82708,21.18593,1
6148,L_Finger41,-0.45566,-0.85763,-0.23843,0,-0.51371,0.4721,-0.7164,0,0.72697,-0.20395,-0.65569,0,29.33461,78.32194,19.26358,1
6148,L_Foot,-0.11279,-0.41188,-0.90423,0,0.05898,-0.91121,0.4077,0,-0.99187,-0.00735,0.12707,0,7.51596,21.4543,-32.51713,1
6148,L_Forearm,0.05152,-0.85294,0.51946,0,0.44315,-0.44662,-0.77727,0,0.89497,0.27024,0.35497,0,24.99524,115.22112,0.89385,1
6148,L_Hand,0.05564,-0.86466,0.49927,0,-0.69933,-0.39065,-0.59861,0,0.71263,-0.31585,-0.62642,0,26.45569,91.04051,15.6205,1
6148,L_Thigh,-0.00298,-0.99998,-0.00489,0,0.0246,-0.00497,0.99968,0,-0.99969,0.00286,0.02462,0,8.51042,87.3013,0.2202,1
6148,L_Toe0,0.08941,-0.75077,0.65448,0,0.09059,0.66052,0.74532,0,-0.99187,-0.00735,0.12707,0,7.37057,6.96607,-34.48978,1
6148,L_UpperArm,0.28784,-0.95767,0.00336,0,0.34085,0.09917,-0.93487,0,0.89497,0.27024,0.35497,0,16.91202,142.1146,0.79952,1
6148,Neck,-0.03713,0.98709,0.15583,0,-0.0882,-0.15857,0.9834,0,0.99541,0.02277,0.09295,0,-1.208,146.02595,0.1454,1
6148,Pelvis,-0.04008,0.99913,-0.01194,0,-0.0263,0.01089,0.99959,0,0.99885,0.04038,0.02584,0,0,86.95728,0,1
6148,R_Calf,0.02441,-0.99024,-0.1372,0,-0.04223,-0.13814,0.98951,0,-0.99881,-0.01836,-0.04519,0,-8.4781,50.25771,13.83644,1
6148,R_Clavicle,-0.9792,-0.17405,-0.10425,0,0.08874,0.09465,-0.99155,0,0.18244,-0.98018,-0.07723,0,-5.05238,145.28457,-0.86374,1
6148,R_Finger0,0.46905,-0.88197,0.04611,0,-0.24073,-0.17791,-0.95415,0,0.84973,0.43645,-0.29576,0,-24.20558,84.09167,-6.633,1
6148,R_Finger01,0.30461,-0.86429,-0.40027,0,-0.43032,0.25003,-0.86736,0,0.84973,0.43645,-0.29576,0,-21.6383,79.26436,-6.38064,1
6148,R_Finger1,0.28741,-0.91986,-0.26694,0,0.81683,0.38094,-0.43321,0,0.50018,-0.09354,0.86086,0,-26.45094,77.92434,-7.91352,1
6148,R_Finger2,0.22996,-0.89923,-0.37216,0,0.81866,0.38551,-0.42565,0,0.52623,-0.20679,0.82481,0,-28.02541,78.12644,-9.51155,1
6148,R_Finger3,0.18143,-0.87685,-0.44523,0,0.81866,0.38551,-0.42565,0,0.54487,-0.28726,0.78778,0,-29.37684,78.51053,-11.27469,1
6148,R_Finger4,0.16703,-0.86898,-0.4658,0,0.81866,0.38551,-0.42565,0,0.54945,-0.31023,0.77579,0,-30.37347,79.06172,-13.2223,1
6148,R_Finger11,0.66243,-0.59893,-0.44997,0,0.55768,0.79532,-0.23761,0,0.50018,-0.09354,0.86086,0,-25.05421,73.45409,-9.21078,1
6148,R_Finger21,0.65401,-0.52149,-0.548,0,0.54346,0.82782,-0.13918,0,0.52623,-0.20679,0.82481,0,-26.7564,73.16408,-11.56529,1
6148,R_Finger31,0.63722,-0.46881,-0.61169,0,0.54503,0.83528,-0.07239,0,0.54487,-0.28726,0.78778,0,-28.50048,74.27502,-13.42531,1
6148,R_Finger41,0.60078,-0.49858,-0.62488,0,0.58066,0.80943,-0.08757,0,0.54945,-0.31023,0.77579,0,-29.7816,75.98242,-14.87289,1
6148,R_Foot,-0.00383,-0.99879,-0.04913,0,0.05031,-0.04926,0.99752,0,-0.99873,0.00135,0.05044,0,-7.44769,8.45581,8.0446,1
6148,R_Forearm,-0.14429,-0.98939,0.01679,0,-0.08462,-0.00457,-0.9964,0,0.98591,-0.14519,-0.08306,0,-23.8108,115.83958,-8.99632,1
6148,R_Hand,-0.04179,-0.9751,-0.2178,0,0.84889,0.08031,-0.52242,0,0.52691,-0.20673,0.8244,0,-27.90143,87.79054,-8.52028,1
6148,R_Thigh,0.00083,-0.93271,0.36063,0,-0.04877,0.36016,0.93162,0,-0.99881,-0.01836,-0.04519,0,-8.51042,86.61326,-0.22019,1
6148,R_Toe0,0.05039,-0.02264,0.99847,0,0.00249,0.99974,0.02255,0,-0.99873,0.00135,0.05044,0,-6.85417,0.08744,20.02123,1
6148,R_UpperArm,-0.16099,-0.95842,-0.23562,0,-0.04539,0.24567,-0.96829,0,0.98591,-0.14519,-0.08306,0,-19.28974,142.75399,-2.37956,1
6148,Spine,-0.0375,0.99834,0.04371,0,-0.01405,-0.04427,0.99892,0,0.9992,0.03684,0.01569,0,-0.26278,99.97188,-3.07053,1
6148,Spine1,-0.0186,0.99724,0.07193,0,-0.01585,-0.07223,0.99726,0,0.9997,0.01741,0.01715,0,-0.83992,115.34361,-2.40971,1
6148,Spine2,-0.00542,0.99543,0.09534,0,-0.08874,-0.09544,0.99147,0,0.99604,-0.00308,0.08886,0,-1.12524,130.69861,-1.31438,1
6149,Head,0.02922,0.99136,0.12784,0,-0.0008,-0.12788,0.99179,0,0.99957,-0.02908,-0.00295,0,-1.71608,157.88572,1.62757,1
6149,L_Calf,-0.01716,-0.64324,-0.76547,0,0.0181,-0.76566,0.643,0,-0.99969,-0.00282,0.02478,0,8.71968,50.16341,4.01491,1
6149,L_Clavicle,0.97747,-0.20404,0.05405,0,0.07433,0.09308,-0.99288,0,0.19756,0.97453,0.10615,0,2.62701,147.00075,-0.32934,1
6149,L_Finger0,-0.48382,-0.71311,0.50734,0,0.43467,-0.69895,-0.56791,0,0.75959,-0.05424,0.64814,0,22.44582,90.20499,16.35657,1
6149,L_Finger01,-0.22804,-0.95547,0.18728,0,0.60912,-0.29006,-0.73813,0,0.75959,-0.05424,0.64814,0,19.79768,86.3019,19.13342,1
6149,L_Finger1,-0.24054,-0.91418,0.3262,0,-0.69925,-0.06987,-0.71146,0,0.67319,-0.39923,-0.62243,0,24.80136,84.89163,19.66367,1
6149,L_Finger2,-0.1617,-0.95628,0.24369,0,-0.70256,-0.06186,-0.70894,0,0.69302,-0.28584,-0.66184,0,26.68267,84.25022,18.60405,1
6149,L_Finger3,-0.09836,-0.97821,0.18284,0,-0.70256,-0.06186,-0.70894,0,0.7048,-0.19819,-0.68116,0,28.38438,83.62141,17.26565,1
6149,L_Finger4,-0.07979,-0.98309,0.16485,0,-0.70256,-0.06186,-0.70894,0,0.70714,-0.17238,-0.68574,0,29.7816,82.9658,15.61999,1
6149,L_Finger11,-0.56234,-0.82299,-0.08033,0,-0.48019,0.4041,-0.77854,0,0.67319,-0.39923,-0.62243,0,23.63238,80.44895,21.24892,1
6149,L_Finger21,-0.53191,-0.82241,-0.20179,0,-0.48662,0.49188,-0.72198,0,0.69302,-0.28584,-0.66184,0,25.79035,78.97304,19.94884,1
6149,L_Finger31,-0.50104,-0.81881,-0.28019,0,-0.50221,0.53877,-0.6764,0,0.7048,-0.19819,-0.68116,0,27.90925,78.89626,18.14883,1
6149,L_Finger41,-0.46317,-0.84572,-0.26503,0,-0.53425,0.50502,-0.67788,0,0.70714,-0.17238,-0.68574,0,29.49888,79.48218,16.20417,1
6149,L_Foot,-0.11088,-0.44593,-0.88817,0,0.06909,-0.89498,0.44073,0,-0.99143,-0.01249,0.13005,0,7.99521,23.00965,-28.29846,1
6149,L_Forearm,0.06699,-0.87173,0.48538,0,0.40611,-0.42053,-0.81132,0,0.91137,0.25147,0.32584,0,24.62448,117.07,-0.50938,1
6149,L_Hand,0.06967,-0.88719,0.45612,0,-0.717,-0.36243,-0.59545,0,0.69359,-0.28555,-0.66136,0,26.52367,92.35654,13.25097,1
6149,L_Thigh,0.00528,-0.995,0.09975,0,0.02438,0.09985,0.9947,0,-0.99969,-0.00282,0.02478,0,8.51399,88.94687,0.12694,1
6149,L_Toe0,0.08429,-0.82169,0.56366,0,0.09982,0.56979,0.8157,0,-0.99143,-0.01249,0.13005,0,7.98981,8.45797,-29.73724,1
6149,L_UpperArm,0.27723,-0.96019,-0.03439,0,0.30422,0.12168,-0.9448,0,0.91137,0.25147,0.32584,0,16.83916,144.03409,0.45649,1
6149,Neck,-0.03693,0.98728,0.15465,0,-0.07307,-0.15701,0.98489,0,0.99664,0.02507,0.07794,0,-1.3357,147.71613,0.03456,1
6149,Pelvis,-0.03503,0.9993,-0.01337,0,-0.01536,0.01284,0.9998,0,0.99927,0.03522,0.0149,0,0,88.64677,0,1
6149,R_Calf,0.01881,-0.99056,-0.13579,0,-0.03016,-0.13631,0.99021,0,-0.99937,-0.01453,-0.03244,0,-8.27576,50.56654,9.46065,1
6149,R_Clavicle,-0.98011,-0.1769,-0.08996,0,0.07433,0.09308,-0.99288,0,0.18401,-0.97982,-0.07808,0,-5.18326,146.92253,-0.92137,1
6149,R_Finger0,0.46667,-0.88319,0.04673,0,-0.25806,-0.18651,-0.94796,0,0.84594,0.43033,-0.31496,0,-25.1642,85.44482,-3.61532,1
6149,R_Finger01,0.29449,-0.86936,-0.39685,0,-0.44459,0.24296,-0.86216,0,0.84594,0.43033,-0.31496,0,-22.60993,80.61079,-3.35956,1
6149,R_Finger1,0.27944,-0.92353,-0.26269,0,0.81045,0.37357,-0.45124,0,0.51487,-0.08681,0.85286,0,-27.45343,79.27339,-4.79443,1
6149,R_Finger2,0.22022,-0.90374,-0.36709,0,0.81242,0.37822,-0.44376,0,0.53989,-0.20051,0.81751,0,-29.05496,79.46537,-6.3666,1
6149,R_Finger3,0.17049,-0.8819,-0.43952,0,0.81242,0.37822,-0.44376,0,0.55759,-0.28142,0.78096,0,-30.43576,79.8369,-8.10957,1
6149,R_Finger4,0.15576,-0.8742,-0.45991,0,0.81242,0.37822,-0.44376,0,0.56188,-0.30452,0.76913,0,-31.46444,80.37232,-10.04487,1
6149,R_Finger11,0.65232,-0.60583,-0.45547,0,0.55623,0.79084,-0.2553,0,0.51487,-0.08681,0.85286,0,-26.09545,74.78529,-6.07105,1
6149,R_Finger21,0.64246,-0.52935,-0.55411,0,0.54385,0.82437,-0.15697,0,0.53989,-0.20051,0.81751,0,-27.83969,74.47813,-8.39238,1
6149,R_Finger31,0.62474,-0.47724,-0.61802,0,0.54662,0.8325,-0.09029,0,0.55759,-0.28142,0.78096,0,-29.61221,75.57694,-10.23262,1
6149,R_Finger41,0.58796,-0.50701,-0.63027,0,0.58188,0.80636,-0.10583,0,0.56188,-0.30452,0.76913,0,-30.91248,77.27454,-11.6746,1
6149,R_Foot,-0.00448,-0.99831,-0.05787,0,0.05058,-0.05802,0.99703,0,-0.99871,0.00154,0.05076,0,-7.48156,8.75127,3.72847,1
6149,R_Forearm,-0.15621,-0.98656,0.04804,0,-0.12239,-0.02893,-0.99206,0,0.98011,-0.16085,-0.11622,0,-24.45106,117.10699,-6.83645,1
6149,R_Hand,-0.04904,-0.97706,-0.20725,0,0.83988,0.07196,-0.53799,0,0.54056,-0.20045,0.81708,0,-28.87952,89.13836,-5.47461,1
6149,R_Thigh,0.00611,-0.96926,0.24597,0,-0.03502,0.24562,0.96873,0,-0.99937,-0.01453,-0.03244,0,-8.51399,88.34666,-0.12693,1
6149,R_Toe0,0.05076,-0.00219,0.99871,0,0.00165,1,0.00211,0,-0.99871,0.00154,0.05076,0,-6.88967,0.27796,15.63117,1
6149,R_UpperArm,-0.17866,-0.97014,-0.16406,0,-0.08636,0.18156,-0.97958,0,0.98011,-0.16085,-0.11622,0,-19.43379,144.35047,-2.22931,1
6149,Spine,-0.03599,0.99846,0.04212,0,-0.00596,-0.04236,0.99908,0,0.99933,0.0357,0.00747,0,-0.15314,101.65835,-3.09067,1
6149,Spine1,-0.02391,0.99725,0.07012,0,-0.00465,-0.07025,0.99752,0,0.9997,0.02353,0.00632,0,-0.70716,117.03197,-2.45438,1
6149,Spine2,-0.01701,0.99553,0.09286,0,-0.07432,-0.09387,0.99281,0,0.99709,0.00999,0.07558,0,-1.07442,132.3872,-1.38703,1
6150,Head,0.03201,0.99115,0.12885,0,-0.0023,-0.12885,0.99166,0,0.99949,-0.03204,-0.00185,0,-1.77121,159.2709,1.58066,1
6150,L_Calf,-0.0171,-0.6676,-0.74433,0,0.02235,-0.7445,0.66724,0,-0.9996,-0.00523,0.02765,0,8.93557,52.11233,7.95718,1
6150,L_Clavicle,0.98028,-0.19332,0.04096,0,0.05977,0.0925,-0.99392,0,0.18835,0.97677,0.10223,0,2.55797,148.43012,-0.42825,1
6150,L_Finger0,-0.46839,-0.74088,0.48136,0,0.41579,-0.66556,-0.6198,0,0.77957,-0.09016,0.61979,0,22.60236,90.99328,13.61214,1
6150,L_Finger01,-0.22307,-0.96466,0.14026,0,0.58524,-0.2476,-0.77213,0,0.77957,-0.09016,0.61979,0,20.03872,86.93818,16.24681,1
6150,L_Finger1,-0.23116,-0.93127,0.28161,0,-0.72139,-0.03015,-0.69187,0,0.65281,-0.36308,-0.66484,0,25.05507,85.50365,16.53882,1
6150,L_Finger2,-0.15499,-0.9686,0.19441,0,-0.72461,-0.0223,-0.6888,0,0.67151,-0.24763,-0.6984,0,26.90135,84.92423,15.38599,1
6150,L_Finger3,-0.09363,-0.98702,0.13046,0,-0.72461,-0.0223,-0.6888,0,0.68277,-0.15902,-0.71312,0,28.55936,84.37297,13.96133,1
6150,L_Finger4,-0.07564,-0.99086,0.11165,0,-0.72461,-0.0223,-0.6888,0,0.685,-0.133,-0.7163,0,29.90333,83.81204,12.23814,1
6150,L_Finger11,-0.5655,-0.81754,-0.1088,0,-0.50403,0.44699,-0.73902,0,0.65281,-0.36308,-0.66484,0,23.93172,80.97793,17.90735,1
6150,L_Finger21,-0.53891,-0.81009,-0.23093,0,-0.50858,0.53144,-0.67743,0,0.67151,-0.24763,-0.6984,0,26.04603,79.57908,16.45884,1
6150,L_Finger31,-0.51052,-0.80206,-0.30994,0,-0.52268,0.57568,-0.62881,0,0.68277,-0.15902,-0.71312,0,28.10709,79.60525,14.59148,1
6150,L_Finger41,-0.47222,-0.82976,-0.29751,0,-0.55479,0.54205,-0.63119,0,0.685,-0.133,-0.7163,0,29.63531,80.30086,12.63378,1
6150,L_Foot,-0.10832,-0.50385,-0.85697,0,0.07666,-0.86371,0.49813,0,-0.99116,-0.01174,0.13218,0,8.21375,23.93048,-23.46367,1
6150,L_Forearm,0.08268,-0.89275,0.44291,0,0.3639,-0.38669,-0.84737,0,0.92776,0.23124,0.2929,0,24.23863,118.62827,-2.05065,1
6150,L_Hand,0.08302,-0.91143,0.403,0,-0.7358,-0.3288,-0.59203,0,0.67209,-0.24737,-0.69793,0,26.58272,93.31912,10.50569,1
6150,L_Thigh,0.01074,-0.97907,0.20326,0,0.02601,0.20348,0.97873,0,-0.9996,-0.00523,0.02765,0,8.51675,90.27477,0.03447,1
6150,L_Toe0,0.08125,-0.83927,0.53761,0,0.10461,0.54359,0.8328,0,-0.99119,-0.01143,0.13196,0,8.32213,9.3163,-23.94897,1
6150,L_UpperArm,0.2645,-0.96115,-0.07898,0,0.26326,0.15075,-0.95288,0,0.92776,0.23124,0.2929,0,16.811,145.61933,0.16727,1
6150,Neck,-0.03532,0.98735,0.15456,0,-0.0579,-0.15642,0.98599,0,0.9977,0.02588,0.06269,0,-1.40739,149.10057,-0.01144,1
6150,Pelvis,-0.02818,0.99951,-0.01398,0,-0.00444,0.01386,0.99989,0,0.99959,0.02824,0.00404,0,0,90.03416,0,1
6150,R_Calf,0.01569,-0.98972,-0.14214,0,-0.01902,-0.14242,0.98962,0,-0.9997,-0.01283,-0.02106,0,-8.13594,51.19683,5.39367,1
6150,R_Clavicle,-0.98032,-0.18226,-0.07591,0,0.05977,0.0925,-0.99392,0,0.18817,-0.97889,-0.07978,0,-5.25821,148.26158,-0.91396,1
6150,R_Finger0,0.45874,-0.88562,0.07235,0,-0.28437,-0.22346,-0.93231,0,0.84184,0.40711,-0.35435,0,-26.00689,86.74168,-0.03454,1
6150,R_Finger01,0.27528,-0.88859,-0.3669,0,-0.46425,0.21132,-0.86013,0,0.84184,0.40711,-0.35435,0,-23.49605,81.89437,0.36144,1
6150,R_Finger1,0.26316,-0.93688,-0.23023,0,0.80225,0.34506,-0.48716,0,0.53585,-0.0565,0.84242,0,-28.38835,80.55209,-0.89176,1
